[0.001267433125, 0.00151157375, -0.06162548125]
[0.0030403136250000003, 0.0035438536875, -0.18531513125000004]
[0.0038537978125000004, 0.004341125437500001, -0.30914496875]
[0.007658958375, 0.00744056725, -0.43296813125]
[0.011898040875000002, 0.0104217534375, -0.55696009375]
[0.0179586415, 0.008902550250000002, -0.6621665812499999]
[0.03422546462500001, -0.0019598003749999975, -0.7658195375]
[0.045915604624999995, -0.010863303937499996, -0.88801478125]
[0.042896272125, -0.008601188749999997, -1.0134763375]
[0.03912353675, -0.0068979267499999965, -1.13907426875]
[0.0387897506875, -0.007332802249999997, -1.262803975]
[0.03640175, -0.06955528350000001, -1.3226794662500003]
[0.034271241375, -0.13171768325, -1.3829116262500003]
[0.09664821650000002, -0.1319160475, -1.4371127512500004]
[0.159961699625, -0.13167381425, -1.4911097950000003]
