[-0.023252979299999994, -0.001988663850000003, -0.0390659376]
[0.0015178353500000007, -0.024687546150000003, 0.020711077999999997]
[-0.0029983883499999997, -0.01478375675, -0.025847970049999995]
[0.0012594754999999994, 0.005666355600000001, -0.0182794788]
[-0.006336665700000001, -0.008759642300000002, 0.05654709429999999]
[0.10083432355000002, 0.16838897385, -0.07108018485]
[0.05890563849999999, -0.038555594349999986, -0.012443603900000006]
[-0.17157881059999996, -0.1676658226, 0.060680307549999986]
[0.04939237879999999, -0.024558255650000003, 1.0734120282000001]
[-0.004344323650000001, 0.022659032799999992, 0.49010187139999994]
[-0.004658584849999999, 1.1075299999997858e-05, -1.5231665923000004]
[1.5943370370999999, -0.08894829120000003, -0.07161146435000001]
[-1.5737107567000002, 0.05613963835, 0.054583136950000014]
[0.0017455230000000023, 1.6746431796, -0.07143013584999997]
[-0.03845749779999999, -1.6161272285000001, 0.04494362080000001]
